17
0001, 50.581360, 8.706476, access:dog="no"
0002, 50.579695, 8.707271, access:dog="no"
0002, 50.579695, 8.707271, access:bicycle="no"
0003, 50.580175, 8.700756, smoking="no"
0004, 50.580100, 8.698715, access:dog="no"
0004, 50.580100, 8.698715, access:bicycle="no"
0005, 50.578010, 8.692734, smoking="no"
0006, 50.577450, 8.692595, smoking="no"
0007, 50.577514, 8.692246, smoking="no"
0008, 50.576940, 8.690500, smoking="no"
0009, 50.576709, 8.692588, access:dog="no"
0010, 50.576305, 8.693810, access:dog="no"
0011, 50.574217, 8.700220, access:dog="no"
0012, 50.573532, 8.700450, cellphone="no"
0013, 50.580371, 8.705770, parking="no"
0014, 50.581146, 8.706156, smoking="no"
0014, 50.581146, 8.706156, wear:helmet="no"